Configuration: start_neuron=32, kernel_size=5, strides_size=1, max_pool_size=5, dropout=0.3, padding=same, batch_size=64, huber_delta=0.75
Training Loss: [6.194596767425537, 1.3580076694488525, 0.8178737759590149, 0.6606025695800781, 0.5888813734054565, 0.5384776592254639, 0.5403197407722473, 0.5084041953086853, 0.4953160285949707, 0.4974866211414337, 0.49341949820518494, 0.48870643973350525, 0.4689423739910126, 0.47009265422821045, 0.4642477333545685, 0.45828646421432495, 0.46241986751556396, 0.4563552439212799, 0.44919198751449585, 0.4517042934894562, 0.446868896484375, 0.44844308495521545, 0.44338667392730713, 0.44335994124412537, 0.4458094537258148, 0.44206786155700684, 0.4366525709629059, 0.4401891231536865, 0.43909621238708496, 0.4466087520122528, 0.43564024567604065, 0.4380839467048645, 0.4385484755039215, 0.43578559160232544, 0.4475129246711731, 0.4307363033294678, 0.4321175515651703, 0.43614766001701355, 0.4305267930030823, 0.4359937012195587, 0.4427613615989685, 0.46154704689979553, 0.4439847767353058, 0.43885141611099243, 0.4321892261505127, 0.42878538370132446, 0.4257867932319641, 0.42839285731315613, 0.4309479296207428, 0.4260976016521454, 0.42953917384147644, 0.4339291453361511]
Validation Loss: [1.8770289421081543, 0.9156244993209839, 0.6540367007255554, 0.5749806761741638, 0.5687655806541443, 0.511272132396698, 0.5207769870758057, 0.5421769022941589, 0.51935875415802, 0.5047555565834045, 0.5718387365341187, 0.48246896266937256, 0.45942217111587524, 0.4954686760902405, 0.4740772545337677, 0.538680911064148, 0.4775916039943695, 0.4646688401699066, 0.48726826906204224, 0.45827236771583557, 0.5229556560516357, 0.4930659830570221, 0.5045642256736755, 0.5381200313568115, 0.47887885570526123, 0.4913289546966553, 0.4547353982925415, 0.5000575184822083, 0.4769943058490753, 0.49278828501701355, 0.5525281429290771, 0.453081339597702, 0.523679256439209, 0.4893835186958313, 0.4621264934539795, 0.4722387194633484, 0.5129072666168213, 0.48165595531463623, 0.46305641531944275, 0.5186392068862915, 0.492464542388916, 0.47111785411834717, 0.47104692459106445, 0.4823596477508545, 0.4637771546840668, 0.4959680736064911, 0.4867546260356903, 0.4747854173183441, 0.4830332100391388, 0.48753735423088074, 0.4768851697444916, 0.4665725529193878]
Best_train_loss0.4257867932319641, best_val_loss0.453081339597702

Configuration: start_neuron=32, kernel_size=5, strides_size=1, max_pool_size=5, dropout=0.5, padding=same, batch_size=64, huber_delta=0.75
Training Loss: [7.284811496734619, 1.9762907028198242, 1.1430407762527466, 0.8422932028770447, 0.6883106827735901, 0.6267455220222473, 0.5883415341377258, 0.5650400519371033, 0.548983097076416, 0.5262758135795593, 0.5224260091781616, 0.5094887614250183, 0.5076298713684082, 0.5047563314437866, 0.5020399689674377, 0.49542248249053955, 0.4921749532222748, 0.4892350137233734, 0.4798193573951721, 0.48273730278015137, 0.48483777046203613, 0.4727323651313782, 0.48414599895477295, 0.4833780527114868, 0.4791027903556824, 0.4830949604511261, 0.48002561926841736, 0.4714253544807434, 0.48187288641929626, 0.4724349081516266, 0.4745096266269684, 0.47387823462486267, 0.4682408571243286, 0.4778066575527191, 0.4725280702114105, 0.4722433388233185, 0.4709699749946594, 0.4698072373867035, 0.4717029631137848, 0.47243833541870117, 0.4765487015247345, 0.46448713541030884, 0.465099960565567, 0.4644603729248047, 0.46444758772850037, 0.4627673327922821, 0.4625423848628998, 0.45623040199279785, 0.46464845538139343, 0.4619034230709076, 0.45815983414649963, 0.45923978090286255]
Validation Loss: [2.696899652481079, 1.2359497547149658, 0.8324248194694519, 0.6673596501350403, 0.6042747497558594, 0.612410843372345, 0.5335508584976196, 0.5292816758155823, 0.5437948703765869, 0.5335478186607361, 0.5362904071807861, 0.5007131695747375, 0.48412856459617615, 0.4943097233772278, 0.5205981135368347, 0.5344181656837463, 0.4744686484336853, 0.49393728375434875, 0.48168128728866577, 0.48032134771347046, 0.4916563630104065, 0.45984911918640137, 0.4650720953941345, 0.5129196643829346, 0.46926286816596985, 0.4696148633956909, 0.485946387052536, 0.4907587170600891, 0.4523371458053589, 0.4867022931575775, 0.4958457350730896, 0.4392649829387665, 0.47239869832992554, 0.4817832410335541, 0.4559594392776489, 0.46219661831855774, 0.4838234484195709, 0.48053258657455444, 0.4922678470611572, 0.46537554264068604, 0.46453022956848145, 0.45647168159484863, 0.47227638959884644, 0.48263275623321533, 0.44139066338539124, 0.4467308223247528, 0.46210962533950806, 0.5089481472969055, 0.46192672848701477, 0.4803888499736786, 0.48036885261535645, 0.4670955538749695]
Best_train_loss0.45623040199279785, best_val_loss0.4392649829387665

Configuration: start_neuron=32, kernel_size=5, strides_size=2, max_pool_size=5, dropout=0.3, padding=same, batch_size=64, huber_delta=0.75
Training Loss: [5.551988124847412, 1.0974012613296509, 0.7034378051757812, 0.6133582592010498, 0.5577952265739441, 0.534654974937439, 0.5278139114379883, 0.5012999176979065, 0.49231329560279846, 0.48288393020629883, 0.4757194221019745, 0.4885021150112152, 0.4656878411769867, 0.46737685799598694, 0.47098782658576965, 0.46006205677986145, 0.46165311336517334, 0.456786572933197, 0.4519045352935791, 0.4540732204914093, 0.4569529592990875, 0.4486577808856964, 0.4542165696620941, 0.4491478502750397, 0.441959410905838, 0.45016542077064514, 0.43723437190055847, 0.44526490569114685, 0.44362300634384155, 0.4426748752593994, 0.44544386863708496, 0.438773512840271, 0.4298744797706604, 0.4318014979362488, 0.42819511890411377, 0.4200458824634552, 0.4203571081161499, 0.4191402196884155, 0.42046207189559937, 0.4165431559085846, 0.4083828628063202, 0.4089181125164032]
Validation Loss: [1.4187710285186768, 0.754021406173706, 0.6097914576530457, 0.5514554977416992, 0.517451286315918, 0.5211179852485657, 0.5218331813812256, 0.4962257742881775, 0.5015459060668945, 0.4890282452106476, 0.47912076115608215, 0.47544360160827637, 0.46465981006622314, 0.5149508118629456, 0.5295963287353516, 0.5007580518722534, 0.5035268664360046, 0.5178035497665405, 0.47466856241226196, 0.4781331717967987, 0.4602612257003784, 0.4401749074459076, 0.49447745084762573, 0.4986213445663452, 0.4860800504684448, 0.4691264033317566, 0.46508169174194336, 0.4858352839946747, 0.505314290523529, 0.5280132293701172, 0.47720927000045776, 0.4736601710319519, 0.4730462431907654, 0.4695326089859009, 0.4582696259021759, 0.46612030267715454, 0.48262596130371094, 0.4923219680786133, 0.4902254343032837, 0.4980011284351349, 0.48561277985572815, 0.48457735776901245]
Best_train_loss0.4083828628063202, best_val_loss0.4401749074459076

Configuration: start_neuron=32, kernel_size=5, strides_size=2, max_pool_size=5, dropout=0.5, padding=same, batch_size=64, huber_delta=0.75
Training Loss: [5.58490514755249, 1.07869291305542, 0.723673403263092, 0.6193472743034363, 0.5828988552093506, 0.5690040588378906, 0.541046679019928, 0.5326083302497864, 0.5136833786964417, 0.5166668891906738, 0.5136838555335999, 0.5083177089691162, 0.5080944895744324, 0.4974883198738098, 0.4925083518028259, 0.496311217546463, 0.4938901662826538, 0.4944666922092438, 0.4891262948513031, 0.49172350764274597, 0.4794498682022095, 0.4823315143585205, 0.47646117210388184, 0.4797610938549042, 0.47994524240493774, 0.4790444076061249, 0.48152393102645874, 0.4770796597003937, 0.47436079382896423, 0.47427865862846375, 0.47037506103515625, 0.4703841507434845, 0.4763992726802826, 0.46589571237564087, 0.4637027680873871, 0.46260297298431396, 0.46313080191612244, 0.4598486125469208, 0.44937968254089355, 0.45809438824653625, 0.46252989768981934, 0.45880377292633057, 0.45908910036087036]
Validation Loss: [1.2882468700408936, 0.6486710906028748, 0.6071664690971375, 0.5676334500312805, 0.5231464505195618, 0.5856897234916687, 0.5275012850761414, 0.49727335572242737, 0.5034065246582031, 0.5772678852081299, 0.47518014907836914, 0.4822259247303009, 0.48403188586235046, 0.49369215965270996, 0.49892982840538025, 0.5374049544334412, 0.516291618347168, 0.5114266872406006, 0.5164583921432495, 0.463760107755661, 0.4785822629928589, 0.49391770362854004, 0.4622781276702881, 0.48232904076576233, 0.5150535106658936, 0.47506609559059143, 0.4988192617893219, 0.5190879702568054, 0.5303480625152588, 0.5194115042686462, 0.4885605275630951, 0.4895328879356384, 0.4874500036239624, 0.4709908664226532, 0.4690993130207062, 0.5208269357681274, 0.49537089467048645, 0.4931584894657135, 0.49458450078964233, 0.4786005914211273, 0.489552766084671, 0.4891708195209503, 0.5405614376068115]
Best_train_loss0.44937968254089355, best_val_loss0.4622781276702881

Configuration: start_neuron=32, kernel_size=5, strides_size=3, max_pool_size=5, dropout=0.3, padding=same, batch_size=64, huber_delta=0.75
Training Loss: [5.323394298553467, 0.9558870196342468, 0.6795076727867126, 0.6008177995681763, 0.5491929650306702, 0.5335250496864319, 0.5133779048919678, 0.508948564529419, 0.4978830814361572, 0.48756060004234314, 0.4816683232784271, 0.48442038893699646, 0.4771026372909546, 0.46389657258987427, 0.4628697633743286, 0.4560345411300659, 0.4563087522983551, 0.45084768533706665, 0.46075358986854553, 0.44575783610343933, 0.4447306990623474, 0.44215333461761475, 0.4422987401485443, 0.447281152009964, 0.4413919448852539, 0.44571301341056824, 0.4418114125728607, 0.43321746587753296, 0.4290418326854706, 0.43201297521591187, 0.4281691312789917, 0.4412796199321747, 0.4329037368297577, 0.43007412552833557, 0.4360896348953247, 0.4312209188938141, 0.42886534333229065]
Validation Loss: [1.1142761707305908, 0.7133359313011169, 0.6359624266624451, 0.5473421812057495, 0.539605438709259, 0.4974020719528198, 0.5007331371307373, 0.49441537261009216, 0.49882641434669495, 0.4855457842350006, 0.5325005054473877, 0.5110814571380615, 0.5145150423049927, 0.5185091495513916, 0.5001614093780518, 0.492766410112381, 0.46411198377609253, 0.4882386326789856, 0.4847128689289093, 0.49707749485969543, 0.4864789843559265, 0.49581432342529297, 0.48026442527770996, 0.4938473105430603, 0.48407140374183655, 0.49453234672546387, 0.48036694526672363, 0.4679357409477234, 0.49177446961402893, 0.5000143647193909, 0.47520503401756287, 0.4827292859554291, 0.47867289185523987, 0.5053307414054871, 0.46717149019241333, 0.4648630619049072, 0.49025100469589233]
Best_train_loss0.4281691312789917, best_val_loss0.46411198377609253

Configuration: start_neuron=32, kernel_size=5, strides_size=3, max_pool_size=5, dropout=0.5, padding=same, batch_size=64, huber_delta=0.75
Training Loss: [5.453727722167969, 1.0583748817443848, 0.7474625110626221, 0.6547448635101318, 0.5835921168327332, 0.572137176990509, 0.5473117828369141, 0.535500168800354, 0.5188950896263123, 0.5099096298217773, 0.5135162472724915, 0.5040464401245117, 0.5013955235481262, 0.49164316058158875, 0.4931761622428894, 0.496957927942276, 0.48530325293540955, 0.48509952425956726, 0.477112740278244, 0.48084843158721924, 0.48742756247520447, 0.4837939739227295, 0.49078673124313354, 0.4890582859516144, 0.4821152091026306, 0.4713796377182007, 0.4756854772567749, 0.46490269899368286, 0.4743448793888092, 0.4697185754776001, 0.4758773446083069, 0.4701700806617737, 0.4695703685283661, 0.47024744749069214]
Validation Loss: [1.1771489381790161, 0.6590670943260193, 0.5729698538780212, 0.522158145904541, 0.5044345855712891, 0.5276579260826111, 0.521108865737915, 0.49997633695602417, 0.5280218720436096, 0.5337092280387878, 0.49522367119789124, 0.4817717373371124, 0.5166904330253601, 0.4666045010089874, 0.5048214197158813, 0.5225317478179932, 0.509519100189209, 0.48617926239967346, 0.47862595319747925, 0.47467878460884094, 0.49226173758506775, 0.5004044771194458, 0.5221675038337708, 0.4929865896701813, 0.4932750165462494, 0.5178535580635071, 0.4953724145889282, 0.5083322525024414, 0.4870151877403259, 0.47602221369743347, 0.4897310733795166, 0.49529245495796204, 0.49351170659065247, 0.49389612674713135]
Best_train_loss0.46490269899368286, best_val_loss0.4666045010089874

Configuration: start_neuron=32, kernel_size=5, strides_size=4, max_pool_size=5, dropout=0.3, padding=same, batch_size=64, huber_delta=0.75
Training Loss: [5.426743984222412, 0.948567271232605, 0.69035404920578, 0.5938303470611572, 0.5608851313591003, 0.5335458517074585, 0.5192718505859375, 0.5127245187759399, 0.49993258714675903, 0.4933343231678009, 0.48881083726882935, 0.48901256918907166, 0.49161919951438904, 0.4882484972476959, 0.4815455675125122, 0.4762383997440338, 0.47899165749549866, 0.4757809638977051, 0.4772034287452698, 0.4772368371486664, 0.46925002336502075, 0.4685654640197754, 0.4708818197250366, 0.4698619544506073, 0.4657275080680847, 0.465359091758728, 0.4530082643032074, 0.46278589963912964, 0.4585731327533722, 0.4607703983783722, 0.45864999294281006, 0.4525279402732849, 0.45496436953544617, 0.45225876569747925, 0.4559870660305023, 0.4590103328227997, 0.4505855441093445, 0.4477790892124176, 0.4485643804073334, 0.44625574350357056, 0.45561903715133667, 0.453524649143219, 0.4477115273475647, 0.4473433792591095, 0.4452017545700073, 0.459655225276947, 0.4466274678707123, 0.45030027627944946, 0.4454304873943329, 0.45300376415252686, 0.44428369402885437, 0.43840518593788147, 0.43820375204086304, 0.4302181005477905, 0.4344532787799835, 0.4345366656780243, 0.4395448565483093, 0.43697574734687805, 0.43930330872535706, 0.437373548746109, 0.43227729201316833]
Validation Loss: [1.103107213973999, 0.6349278092384338, 0.5603988766670227, 0.5104073286056519, 0.5342894792556763, 0.5385570526123047, 0.5234389305114746, 0.5063797235488892, 0.5153623223304749, 0.5157986283302307, 0.5227823853492737, 0.5553358197212219, 0.5192398428916931, 0.5103932023048401, 0.5247213840484619, 0.5414299964904785, 0.4921853840351105, 0.5093362927436829, 0.510464072227478, 0.5050324201583862, 0.49487343430519104, 0.49585437774658203, 0.4838132858276367, 0.5105096101760864, 0.548327624797821, 0.49193933606147766, 0.5011398196220398, 0.4945209324359894, 0.5415128469467163, 0.4820556044578552, 0.5169591903686523, 0.49471476674079895, 0.4940466582775116, 0.4811182916164398, 0.493470162153244, 0.49106866121292114, 0.5192285180091858, 0.5284727811813354, 0.4820370078086853, 0.5033412575721741, 0.4651583731174469, 0.5456326603889465, 0.4785558879375458, 0.5104501247406006, 0.508228600025177, 0.5060632228851318, 0.5326738357543945, 0.5057206749916077, 0.5373849868774414, 0.538054883480072, 0.4862087368965149, 0.5138046741485596, 0.48636093735694885, 0.5003443956375122, 0.500028133392334, 0.5335918068885803, 0.48582208156585693, 0.48500534892082214, 0.4732511043548584, 0.5269295573234558, 0.4712216258049011]
Best_train_loss0.4302181005477905, best_val_loss0.4651583731174469

Configuration: start_neuron=32, kernel_size=5, strides_size=4, max_pool_size=5, dropout=0.5, padding=same, batch_size=64, huber_delta=0.75
Training Loss: [5.455221652984619, 0.9797367453575134, 0.7119494676589966, 0.631976842880249, 0.5810996890068054, 0.5648735165596008, 0.5470361709594727, 0.5343615412712097, 0.5287094116210938, 0.5125330686569214, 0.5154411792755127, 0.517907977104187, 0.507481575012207, 0.5008968114852905, 0.4986492991447449, 0.502267599105835, 0.4995223879814148, 0.49383169412612915, 0.49486666917800903, 0.4944235384464264, 0.48535123467445374, 0.4929700493812561, 0.4913712441921234, 0.48946428298950195, 0.481200635433197, 0.4847804605960846, 0.49629172682762146, 0.4771285355091095, 0.4781874418258667, 0.4778286814689636, 0.4771934151649475, 0.4796079695224762, 0.4750515818595886, 0.47334352135658264, 0.47112756967544556, 0.47385895252227783, 0.46545690298080444]
Validation Loss: [1.0305877923965454, 0.6329982280731201, 0.5311949253082275, 0.5171855092048645, 0.5131091475486755, 0.5877780318260193, 0.49517887830734253, 0.4818648099899292, 0.5077145099639893, 0.48512211441993713, 0.5475091338157654, 0.5127333402633667, 0.48966923356056213, 0.5275861620903015, 0.48835673928260803, 0.5044018626213074, 0.470986008644104, 0.49227792024612427, 0.5309370756149292, 0.49624204635620117, 0.48004084825515747, 0.4925965666770935, 0.5213805437088013, 0.486715704202652, 0.4884633421897888, 0.4771147072315216, 0.4715556502342224, 0.4824591279029846, 0.49102306365966797, 0.4778660833835602, 0.4729086756706238, 0.4742540121078491, 0.5069229602813721, 0.48893773555755615, 0.47655126452445984, 0.49472638964653015, 0.482429176568985]
Best_train_loss0.46545690298080444, best_val_loss0.470986008644104

Configuration: start_neuron=32, kernel_size=7, strides_size=1, max_pool_size=5, dropout=0.3, padding=same, batch_size=64, huber_delta=0.75
Training Loss: [6.400296688079834, 1.6033666133880615, 0.9366926550865173, 0.7001071572303772, 0.6091811060905457, 0.5644112825393677, 0.5358890891075134, 0.5175999999046326, 0.5010280013084412, 0.49489301443099976, 0.4831673204898834, 0.4843166768550873, 0.4716499447822571, 0.47363123297691345, 0.4608963131904602, 0.45872387290000916, 0.45637691020965576, 0.44940605759620667, 0.4580115079879761, 0.45279836654663086, 0.44746100902557373, 0.4429163336753845, 0.43978458642959595, 0.4296145439147949, 0.425280898809433, 0.42435625195503235, 0.4124741852283478, 0.4057554006576538, 0.4003411531448364, 0.40126127004623413, 0.40679606795310974, 0.40634623169898987, 0.4006631672382355, 0.39326587319374084, 0.39773860573768616, 0.39952853322029114]
Validation Loss: [2.3096702098846436, 1.1425909996032715, 0.7575153708457947, 0.6495026350021362, 0.6683852672576904, 0.5708022117614746, 0.5207229256629944, 0.5275422930717468, 0.5422536730766296, 0.5555791854858398, 0.5137236714363098, 0.5122509002685547, 0.5061715245246887, 0.522074282169342, 0.5250656604766846, 0.5047773122787476, 0.5306488871574402, 0.5075622200965881, 0.520918071269989, 0.5260934829711914, 0.5152125954627991, 0.5251942276954651, 0.5698680877685547, 0.5915459990501404, 0.6325613856315613, 0.6344234943389893, 0.6117174625396729, 0.5907754302024841, 0.6340380907058716, 0.5823966860771179, 0.6741154193878174, 0.6408582925796509, 0.6935391426086426, 0.6212078928947449, 0.6364035606384277, 0.6123780012130737]
Best_train_loss0.39326587319374084, best_val_loss0.5047773122787476

Configuration: start_neuron=32, kernel_size=7, strides_size=1, max_pool_size=5, dropout=0.5, padding=same, batch_size=64, huber_delta=0.75
Training Loss: [6.571172714233398, 1.6572868824005127, 0.9775148630142212, 0.7567915320396423, 0.6583142280578613, 0.613029420375824, 0.5726062655448914, 0.557159960269928, 0.5379316806793213, 0.5315464735031128, 0.5224483609199524, 0.5076634287834167, 0.5057700276374817, 0.5032798647880554, 0.49840933084487915, 0.49426373839378357, 0.491822749376297, 0.4885101616382599, 0.4930642247200012, 0.48775967955589294, 0.48133814334869385, 0.47995978593826294, 0.4854750335216522, 0.4787146747112274, 0.47450992465019226, 0.4776485562324524, 0.4727429151535034, 0.4671369194984436, 0.46884340047836304, 0.4733373522758484, 0.45743781328201294, 0.45586153864860535, 0.4586000442504883, 0.4538441598415375, 0.4478684961795807, 0.44953233003616333, 0.44442278146743774, 0.44249188899993896, 0.43999341130256653, 0.4349483251571655]
Validation Loss: [2.321303129196167, 1.0734024047851562, 0.7205803394317627, 0.6141459345817566, 0.5611048936843872, 0.5731826424598694, 0.5234460830688477, 0.5722506642341614, 0.5165178775787354, 0.5036290884017944, 0.545608639717102, 0.4974236488342285, 0.5118832588195801, 0.5420045256614685, 0.47176459431648254, 0.5084187984466553, 0.5084030032157898, 0.4840911328792572, 0.4658595323562622, 0.46518847346305847, 0.49164682626724243, 0.47101399302482605, 0.49824297428131104, 0.505800724029541, 0.4856082499027252, 0.48509955406188965, 0.4930603504180908, 0.47569048404693604, 0.5317747592926025, 0.5038282871246338, 0.48826345801353455, 0.5018748044967651, 0.5284025073051453, 0.5372525453567505, 0.5394693613052368, 0.5550399422645569, 0.5833485126495361, 0.5267455577850342, 0.5504216551780701, 0.5566240549087524]
Best_train_loss0.4349483251571655, best_val_loss0.46518847346305847

Configuration: start_neuron=32, kernel_size=7, strides_size=2, max_pool_size=5, dropout=0.3, padding=same, batch_size=64, huber_delta=0.75
Training Loss: [4.738091468811035, 0.8542070388793945, 0.6386366486549377, 0.565716028213501, 0.5373560786247253, 0.5252946615219116, 0.508033812046051, 0.5080028772354126, 0.4887033700942993, 0.4795713424682617, 0.4736400544643402, 0.47659873962402344, 0.4731563925743103, 0.4618682861328125, 0.4606938362121582, 0.454254150390625, 0.45501211285591125, 0.4434320628643036, 0.44119131565093994, 0.4456762969493866, 0.44340458512306213, 0.4309910833835602, 0.43772417306900024, 0.42568203806877136, 0.4284568428993225, 0.41673216223716736, 0.41972988843917847, 0.4143862724304199, 0.4105011820793152, 0.40579667687416077, 0.40705975890159607, 0.4138792157173157, 0.4079674184322357, 0.40474262833595276, 0.4070046842098236]
Validation Loss: [1.1688261032104492, 0.6762842535972595, 0.6220296025276184, 0.5627621412277222, 0.5292308926582336, 0.4939912259578705, 0.4899112582206726, 0.5440821051597595, 0.5192729234695435, 0.48040077090263367, 0.5113871693611145, 0.5286857485771179, 0.5303224325180054, 0.47540587186813354, 0.4659384489059448, 0.4818090498447418, 0.504952073097229, 0.5880283117294312, 0.5200388431549072, 0.5800212621688843, 0.5005468130111694, 0.520023763179779, 0.5086902379989624, 0.5326076149940491, 0.534205436706543, 0.49933651089668274, 0.5126780867576599, 0.5508479475975037, 0.5174459218978882, 0.5171383023262024, 0.5158409476280212, 0.5373995304107666, 0.5415523052215576, 0.5663254857063293, 0.5411781072616577]
Best_train_loss0.40474262833595276, best_val_loss0.4659384489059448

Configuration: start_neuron=32, kernel_size=7, strides_size=2, max_pool_size=5, dropout=0.5, padding=same, batch_size=64, huber_delta=0.75
Training Loss: [4.875513076782227, 0.9204704165458679, 0.6800516843795776, 0.6039600968360901, 0.5751795768737793, 0.553009569644928, 0.5362159609794617, 0.5213600397109985, 0.5112311840057373, 0.5125993490219116, 0.509294331073761, 0.5063236951828003, 0.4957723319530487, 0.48802754282951355, 0.4942011535167694, 0.485581636428833, 0.4897097945213318, 0.4835008382797241, 0.48863810300827026, 0.4771771728992462, 0.4798721671104431, 0.4851955771446228, 0.47817012667655945, 0.48067712783813477, 0.47270670533180237, 0.4655549228191376, 0.46946120262145996, 0.4741511642932892, 0.4676709771156311, 0.46462833881378174, 0.46455106139183044, 0.4651308059692383, 0.4634987413883209, 0.4669666588306427, 0.4618786871433258]
Validation Loss: [0.9814664721488953, 0.6041626334190369, 0.5839231610298157, 0.5507836937904358, 0.512813150882721, 0.5530795454978943, 0.485785573720932, 0.4998628795146942, 0.49838438630104065, 0.5579640865325928, 0.5198370814323425, 0.5152300596237183, 0.4968191385269165, 0.5286462903022766, 0.47127795219421387, 0.4831003248691559, 0.5134080052375793, 0.4848977327346802, 0.5264376997947693, 0.498412162065506, 0.4857455790042877, 0.5013843178749084, 0.5380722284317017, 0.4946146011352539, 0.5035833716392517, 0.5101584196090698, 0.4847196340560913, 0.5254278182983398, 0.5286082625389099, 0.5096455812454224, 0.47658705711364746, 0.500095784664154, 0.5009328126907349, 0.5366939306259155, 0.5143634676933289]
Best_train_loss0.4618786871433258, best_val_loss0.47127795219421387

Configuration: start_neuron=32, kernel_size=7, strides_size=3, max_pool_size=5, dropout=0.3, padding=same, batch_size=64, huber_delta=0.75
Training Loss: [4.685295104980469, 0.841394305229187, 0.6485066413879395, 0.5828487873077393, 0.5412662029266357, 0.528190553188324, 0.5119394063949585, 0.501268208026886, 0.49445462226867676, 0.4912485182285309, 0.4877617061138153, 0.480780690908432, 0.4783864915370941, 0.4870334565639496, 0.4725319445133209, 0.4666732847690582, 0.46736738085746765, 0.46334195137023926, 0.47622397541999817, 0.4677610695362091, 0.4616527855396271, 0.4613308906555176, 0.45162108540534973, 0.45952436327934265, 0.45392024517059326, 0.4543757140636444, 0.45314428210258484, 0.45951929688453674, 0.44830968976020813, 0.4407199025154114, 0.43924370408058167, 0.4435913562774658, 0.4430955946445465, 0.4345096945762634, 0.43567875027656555, 0.4302237033843994, 0.43140706419944763, 0.4323311448097229, 0.42889878153800964]
Validation Loss: [0.9521068334579468, 0.631081223487854, 0.5747904777526855, 0.5366560220718384, 0.5792093873023987, 0.5125730037689209, 0.5356109738349915, 0.5025050640106201, 0.5032238364219666, 0.5581852793693542, 0.4984726011753082, 0.4944404065608978, 0.5005926489830017, 0.4991733133792877, 0.46421122550964355, 0.5029482245445251, 0.4994070529937744, 0.48239508271217346, 0.46142134070396423, 0.4743715822696686, 0.5001091361045837, 0.4707738161087036, 0.5116756558418274, 0.5384374260902405, 0.4750838577747345, 0.5253205895423889, 0.4804389774799347, 0.4793075621128082, 0.4755041301250458, 0.509850263595581, 0.5015541315078735, 0.4861924350261688, 0.4930383861064911, 0.5787791013717651, 0.496141254901886, 0.4865221679210663, 0.5225647687911987, 0.49430105090141296, 0.5396379232406616]
Best_train_loss0.42889878153800964, best_val_loss0.46142134070396423

Configuration: start_neuron=32, kernel_size=7, strides_size=3, max_pool_size=5, dropout=0.5, padding=same, batch_size=64, huber_delta=0.75
Training Loss: [4.910762786865234, 0.9383363723754883, 0.7017483711242676, 0.6184458136558533, 0.5719922780990601, 0.5523657202720642, 0.5425885319709778, 0.5283229351043701, 0.5201773643493652, 0.5181114077568054, 0.5178614258766174, 0.5113108158111572, 0.5151702761650085, 0.5069704651832581, 0.5003610849380493, 0.5058143138885498, 0.49913328886032104, 0.4963260293006897, 0.4939316213130951, 0.4857998192310333, 0.48491039872169495, 0.4838238060474396, 0.4803563356399536, 0.4820534288883209, 0.4775223433971405, 0.47671177983283997, 0.4699506461620331, 0.47621020674705505, 0.4686889946460724, 0.4678639769554138, 0.4732411503791809, 0.46976572275161743, 0.47234559059143066, 0.4681048095226288, 0.4698157012462616, 0.464528352022171, 0.47081300616264343, 0.47143152356147766, 0.46803179383277893, 0.4726286828517914, 0.4685446321964264, 0.4674240052700043, 0.4667423367500305, 0.4675222635269165, 0.4638719856739044, 0.4682137966156006, 0.46154820919036865, 0.45432549715042114, 0.45383545756340027, 0.46433913707733154, 0.46234986186027527, 0.45934590697288513, 0.46014928817749023, 0.46377402544021606, 0.4574071168899536, 0.45763540267944336]
Validation Loss: [1.0289387702941895, 0.6240066885948181, 0.5490107536315918, 0.5211424827575684, 0.5465418100357056, 0.5062731504440308, 0.4874165952205658, 0.47939571738243103, 0.509456217288971, 0.4860002100467682, 0.4821757972240448, 0.4840421974658966, 0.4719533324241638, 0.47823983430862427, 0.4812321960926056, 0.48820704221725464, 0.481764018535614, 0.5300002694129944, 0.4984087347984314, 0.5159992575645447, 0.5137050747871399, 0.4835914075374603, 0.4930923581123352, 0.5044190287590027, 0.47806060314178467, 0.5138949155807495, 0.4753304719924927, 0.4777643382549286, 0.4953005313873291, 0.4804510474205017, 0.467424601316452, 0.49269887804985046, 0.4830023944377899, 0.46719884872436523, 0.48549237847328186, 0.4661460816860199, 0.49243560433387756, 0.47333824634552, 0.4805186688899994, 0.4724697172641754, 0.49780216813087463, 0.4671260118484497, 0.47843390703201294, 0.47266414761543274, 0.48497623205184937, 0.47657281160354614, 0.5009138584136963, 0.49358659982681274, 0.4910651445388794, 0.49966612458229065, 0.4716140627861023, 0.46975043416023254, 0.4768453538417816, 0.4739343523979187, 0.49735942482948303, 0.47376304864883423]
Best_train_loss0.45383545756340027, best_val_loss0.4661460816860199

Configuration: start_neuron=32, kernel_size=7, strides_size=4, max_pool_size=5, dropout=0.3, padding=same, batch_size=64, huber_delta=0.75
Training Loss: [4.786204814910889, 0.8017584681510925, 0.6351428031921387, 0.5725103616714478, 0.5434067845344543, 0.5208941698074341, 0.5037336945533752, 0.506146252155304, 0.4957484304904938, 0.49177420139312744, 0.49124497175216675, 0.49032554030418396, 0.4877149164676666, 0.48479241132736206, 0.4812283217906952, 0.4750402867794037, 0.46985316276550293, 0.4724523425102234, 0.47530144453048706, 0.466625452041626, 0.4751417636871338, 0.4624415636062622, 0.4582672417163849, 0.45454761385917664, 0.4484008252620697, 0.44859519600868225, 0.45017895102500916, 0.448869526386261, 0.45012176036834717, 0.442109614610672, 0.44639846682548523, 0.44151777029037476, 0.44541290402412415, 0.4404917061328888, 0.4463130533695221, 0.44463005661964417, 0.4404858946800232, 0.43721625208854675, 0.42868292331695557, 0.4307287931442261, 0.42877355217933655, 0.437030166387558, 0.425010621547699, 0.4268929362297058, 0.42940381169319153, 0.4286305904388428, 0.4337393641471863]
Validation Loss: [0.8617789149284363, 0.5847368240356445, 0.5400382280349731, 0.5208763480186462, 0.5079383254051208, 0.5105108618736267, 0.503273069858551, 0.49874168634414673, 0.49892327189445496, 0.5254421830177307, 0.4848828911781311, 0.4957329332828522, 0.5241811871528625, 0.5180807709693909, 0.5027142763137817, 0.507156491279602, 0.5321316719055176, 0.5251721143722534, 0.5271597504615784, 0.5541706085205078, 0.5248438715934753, 0.5495110154151917, 0.5142107009887695, 0.5100123882293701, 0.5017226338386536, 0.5404328107833862, 0.48378685116767883, 0.5266649127006531, 0.49671462178230286, 0.5396318435668945, 0.5332356691360474, 0.5329448580741882, 0.5716035962104797, 0.49510183930397034, 0.5306767821311951, 0.5276533365249634, 0.5318641662597656, 0.57554692029953, 0.5706200003623962, 0.572309672832489, 0.5379325747489929, 0.5587595701217651, 0.5754668116569519, 0.6257768869400024, 0.5717915892601013, 0.6072327494621277, 0.5902083516120911]
Best_train_loss0.425010621547699, best_val_loss0.48378685116767883

Configuration: start_neuron=32, kernel_size=7, strides_size=4, max_pool_size=5, dropout=0.5, padding=same, batch_size=64, huber_delta=0.75
Training Loss: [4.8563618659973145, 0.8682315945625305, 0.6669772863388062, 0.604668915271759, 0.578421413898468, 0.5508133769035339, 0.5372585654258728, 0.540408194065094, 0.5299437046051025, 0.5270938277244568, 0.5206318497657776, 0.516365110874176, 0.5154184103012085, 0.5091239809989929, 0.5119849443435669, 0.5141740441322327, 0.5077536702156067, 0.5036520957946777, 0.5079772472381592, 0.512501060962677, 0.5023860931396484, 0.498932808637619, 0.5002104640007019, 0.5061936378479004, 0.4998426139354706, 0.49790331721305847, 0.49112436175346375, 0.4878063201904297, 0.48895588517189026, 0.4882230758666992, 0.48599788546562195, 0.4860093891620636, 0.49297210574150085, 0.48610222339630127, 0.48562583327293396, 0.4835657775402069]
Validation Loss: [0.8719482421875, 0.5611535310745239, 0.4970601499080658, 0.4871000647544861, 0.4848669469356537, 0.47378018498420715, 0.4927683174610138, 0.5087948441505432, 0.4820179045200348, 0.4959034025669098, 0.4875553250312805, 0.48554009199142456, 0.4764353632926941, 0.48206767439842224, 0.4919607937335968, 0.46878984570503235, 0.49309200048446655, 0.5298859477043152, 0.4940924048423767, 0.478596568107605, 0.48729899525642395, 0.521279513835907, 0.49056291580200195, 0.5030688047409058, 0.4857489764690399, 0.5049920678138733, 0.4975004494190216, 0.5355997681617737, 0.49160459637641907, 0.5069651007652283, 0.49321994185447693, 0.4932379722595215, 0.4947771728038788, 0.5071806311607361, 0.5049833655357361, 0.5013726949691772]
Best_train_loss0.4835657775402069, best_val_loss0.46878984570503235

Configuration: start_neuron=32, kernel_size=9, strides_size=1, max_pool_size=5, dropout=0.3, padding=same, batch_size=64, huber_delta=0.75
Training Loss: [5.984827995300293, 1.4155023097991943, 0.8708272576332092, 0.6845137476921082, 0.5929185152053833, 0.5494988560676575, 0.5246257781982422, 0.5064441561698914, 0.49885910749435425, 0.48064541816711426, 0.4783210754394531, 0.4696752429008484, 0.4655778408050537, 0.4747268855571747, 0.4587104022502899, 0.44793134927749634, 0.4410434663295746, 0.44393762946128845, 0.43251046538352966, 0.4277762174606323, 0.430335134267807, 0.4229293763637543, 0.4126327633857727, 0.40178701281547546, 0.39487889409065247, 0.39945128560066223, 0.4015193283557892, 0.39584025740623474, 0.3988330662250519, 0.3922237157821655, 0.3885975480079651, 0.3906606137752533]
Validation Loss: [1.9290915727615356, 1.070994257926941, 0.7203255295753479, 0.6536763310432434, 0.5923441648483276, 0.5540730357170105, 0.538172721862793, 0.5798749923706055, 0.5382263660430908, 0.5209093689918518, 0.5188398361206055, 0.50295090675354, 0.5113326907157898, 0.5047147274017334, 0.5581073760986328, 0.5665333271026611, 0.6056305170059204, 0.5623669624328613, 0.6206258535385132, 0.5511220693588257, 0.6102765798568726, 0.5700071454048157, 0.5961177945137024, 0.590053915977478, 0.5745474100112915, 0.6130359768867493, 0.5935139656066895, 0.6010618209838867, 0.602641761302948, 0.5955279469490051, 0.619441032409668, 0.5704017877578735]
Best_train_loss0.3885975480079651, best_val_loss0.50295090675354

Configuration: start_neuron=32, kernel_size=9, strides_size=1, max_pool_size=5, dropout=0.5, padding=same, batch_size=64, huber_delta=0.75
Training Loss: [6.504652976989746, 1.638377070426941, 0.9710763096809387, 0.7403224110603333, 0.6686650514602661, 0.587074339389801, 0.5665408968925476, 0.5364974141120911, 0.5293259024620056, 0.532797634601593, 0.5245352983474731, 0.5015730261802673, 0.5251938700675964, 0.5232870578765869, 0.5066796541213989, 0.4979594051837921, 0.48877575993537903, 0.4841322600841522, 0.4827892482280731, 0.4824798107147217, 0.4807995557785034, 0.467962384223938, 0.46720778942108154, 0.47555845975875854, 0.46010056138038635, 0.44894808530807495, 0.44781816005706787, 0.44303423166275024, 0.4463673532009125, 0.44208529591560364, 0.43706151843070984, 0.43458300828933716, 0.4275217354297638, 0.4401521384716034]
Validation Loss: [2.511918783187866, 1.001916527748108, 0.7766165733337402, 0.646206796169281, 0.5873742699623108, 0.5229970812797546, 0.5318021774291992, 0.5013870000839233, 0.5653051733970642, 0.5060340166091919, 0.5629647374153137, 0.5507746934890747, 0.5083124041557312, 0.49689069390296936, 0.49989330768585205, 0.5532970428466797, 0.5133069157600403, 0.5183334946632385, 0.539934515953064, 0.5256584882736206, 0.5171384811401367, 0.5356104373931885, 0.5458251237869263, 0.560443103313446, 0.5594900250434875, 0.6052246689796448, 0.5906484127044678, 0.5560190677642822, 0.5826532244682312, 0.6073763966560364, 0.6042601466178894, 0.6208488941192627, 0.6548557281494141, 0.6228532195091248]
Best_train_loss0.4275217354297638, best_val_loss0.49689069390296936

Configuration: start_neuron=32, kernel_size=9, strides_size=2, max_pool_size=5, dropout=0.3, padding=same, batch_size=64, huber_delta=0.75
Training Loss: [4.427020072937012, 0.8430075645446777, 0.6213047504425049, 0.5569883584976196, 0.5203352570533752, 0.506088137626648, 0.4930494725704193, 0.4834335744380951, 0.48122942447662354, 0.4699513018131256, 0.46551430225372314, 0.4507550299167633, 0.44785019755363464, 0.43402937054634094, 0.4387211799621582, 0.43968725204467773, 0.42939475178718567, 0.4086303114891052, 0.40832072496414185, 0.4032222628593445, 0.4118342697620392, 0.4038897156715393, 0.40611493587493896, 0.3914848268032074, 0.399935245513916, 0.39495089650154114, 0.40262457728385925]
Validation Loss: [1.066605806350708, 0.7016211748123169, 0.5879780054092407, 0.56040358543396, 0.49191150069236755, 0.5086575746536255, 0.49137750267982483, 0.4986298978328705, 0.5594388246536255, 0.5294554829597473, 0.5767172574996948, 0.5050464272499084, 0.5460184812545776, 0.5473132133483887, 0.5999437570571899, 0.5310146808624268, 0.6747929453849792, 0.7108826041221619, 0.7016763687133789, 0.6868938207626343, 0.6928603649139404, 0.6651384830474854, 0.6218474507331848, 0.7103908061981201, 0.7500740885734558, 0.6520316004753113, 0.6666796207427979]
Best_train_loss0.3914848268032074, best_val_loss0.49137750267982483

Configuration: start_neuron=32, kernel_size=9, strides_size=2, max_pool_size=5, dropout=0.5, padding=same, batch_size=64, huber_delta=0.75
Training Loss: [4.750787258148193, 1.0257612466812134, 0.7152305245399475, 0.6239615678787231, 0.5769649147987366, 0.5595594644546509, 0.5421088933944702, 0.5286712050437927, 0.5194815397262573, 0.5167399048805237, 0.5096540451049805, 0.5125020146369934, 0.5010784268379211, 0.499274343252182, 0.48618605732917786, 0.4913683533668518, 0.4877684414386749, 0.48427531123161316, 0.48254674673080444, 0.4789874851703644, 0.48458442091941833, 0.4827324151992798, 0.48377931118011475, 0.47319409251213074, 0.47505322098731995, 0.47273820638656616, 0.4749736487865448, 0.4559929072856903, 0.45637941360473633, 0.45734724402427673, 0.4447264075279236, 0.43896374106407166, 0.43673306703567505, 0.43566393852233887, 0.43682020902633667, 0.4364358186721802, 0.43359747529029846]
Validation Loss: [1.2050848007202148, 0.6478740572929382, 0.620411217212677, 0.5066754221916199, 0.545341968536377, 0.5163581371307373, 0.5077767968177795, 0.49747225642204285, 0.5343650579452515, 0.5223387479782104, 0.5066638588905334, 0.5114809274673462, 0.5074960589408875, 0.527628481388092, 0.5348548889160156, 0.5047922730445862, 0.4759857952594757, 0.4937540888786316, 0.5206300616264343, 0.5220159292221069, 0.4864858090877533, 0.4998108446598053, 0.49190399050712585, 0.5144211053848267, 0.5312843918800354, 0.5177589654922485, 0.535743772983551, 0.5958789587020874, 0.5690985918045044, 0.5417106747627258, 0.6135620474815369, 0.5889419913291931, 0.5959884524345398, 0.6253337860107422, 0.5866330862045288, 0.6053218841552734, 0.6155875325202942]
Best_train_loss0.43359747529029846, best_val_loss0.4759857952594757

Configuration: start_neuron=32, kernel_size=9, strides_size=3, max_pool_size=5, dropout=0.3, padding=same, batch_size=64, huber_delta=0.75
Training Loss: [4.278791427612305, 0.7519608736038208, 0.6072120666503906, 0.5575289726257324, 0.5320206880569458, 0.5187493562698364, 0.5084887742996216, 0.5094723105430603, 0.49763190746307373, 0.49255144596099854, 0.48226961493492126, 0.4803568124771118, 0.47790634632110596, 0.4721328616142273, 0.4819595515727997, 0.4707857668399811, 0.4817866384983063, 0.4646242558956146, 0.463241308927536, 0.45845186710357666, 0.4573584198951721, 0.4587332308292389, 0.46510058641433716, 0.45628657937049866, 0.44662389159202576, 0.44975006580352783, 0.44611626863479614, 0.4452578127384186, 0.4492785632610321, 0.44690197706222534, 0.44655749201774597, 0.4468955993652344, 0.4511081576347351]
Validation Loss: [0.7769718766212463, 0.571994960308075, 0.5220469832420349, 0.5396702885627747, 0.5050241947174072, 0.5101103782653809, 0.49544137716293335, 0.4844306409358978, 0.4854530692100525, 0.5038753747940063, 0.4828588664531708, 0.49575814604759216, 0.4774901568889618, 0.48834046721458435, 0.48211660981178284, 0.5172721147537231, 0.4968750476837158, 0.4898364543914795, 0.5046122670173645, 0.4944547116756439, 0.5066384077072144, 0.5067946314811707, 0.5044052600860596, 0.5118047595024109, 0.5139549970626831, 0.49782583117485046, 0.5004996657371521, 0.5049110651016235, 0.4952947199344635, 0.5028271079063416, 0.5128997564315796, 0.5097913146018982, 0.5222493410110474]
Best_train_loss0.4452578127384186, best_val_loss0.4774901568889618

Configuration: start_neuron=32, kernel_size=9, strides_size=3, max_pool_size=5, dropout=0.5, padding=same, batch_size=64, huber_delta=0.75
Training Loss: [4.424685955047607, 0.8190833926200867, 0.6523975133895874, 0.6041374206542969, 0.5727865099906921, 0.5477674007415771, 0.5400651693344116, 0.5301343202590942, 0.5245203375816345, 0.5217275619506836, 0.5238611102104187, 0.5164312720298767, 0.5120660662651062, 0.5095154643058777, 0.5079562664031982, 0.5031140446662903, 0.5053528547286987, 0.4964001774787903, 0.5063648223876953, 0.5071146488189697, 0.504336953163147, 0.5006234049797058, 0.4926126301288605, 0.4914923906326294, 0.4848554730415344, 0.48444855213165283, 0.48245131969451904, 0.4842587411403656, 0.48016586899757385, 0.4876810312271118, 0.48296216130256653, 0.4828231930732727, 0.47792211174964905, 0.4819217324256897]
Validation Loss: [0.7791555523872375, 0.5696327686309814, 0.5201796889305115, 0.4974314868450165, 0.5115275979042053, 0.49082067608833313, 0.48567792773246765, 0.5275353789329529, 0.5083070397377014, 0.5187645554542542, 0.49126267433166504, 0.5190014243125916, 0.4827665686607361, 0.4779042899608612, 0.4992627799510956, 0.49527987837791443, 0.5291553735733032, 0.48443499207496643, 0.5169327855110168, 0.5335956811904907, 0.5748085975646973, 0.5035128593444824, 0.5204854011535645, 0.49282926321029663, 0.4923129379749298, 0.5157628655433655, 0.49552592635154724, 0.5535314083099365, 0.5091927647590637, 0.5309858322143555, 0.5345690846443176, 0.4900515079498291, 0.5359402894973755, 0.518288791179657]
Best_train_loss0.47792211174964905, best_val_loss0.4779042899608612

Configuration: start_neuron=32, kernel_size=9, strides_size=4, max_pool_size=5, dropout=0.3, padding=same, batch_size=64, huber_delta=0.75
Training Loss: [4.34092903137207, 0.7332215309143066, 0.5952154994010925, 0.5528544187545776, 0.5294184684753418, 0.5129473805427551, 0.500357449054718, 0.49862515926361084, 0.48999345302581787, 0.49031221866607666, 0.4831802546977997, 0.4757225811481476, 0.47033166885375977, 0.4710743725299835, 0.46118929982185364, 0.45783185958862305, 0.4565073847770691, 0.454647958278656, 0.4637608826160431, 0.44715163111686707, 0.4443157911300659, 0.44339653849601746, 0.44392991065979004, 0.44212454557418823, 0.4388450086116791, 0.44301632046699524, 0.44335731863975525, 0.4415157437324524, 0.44088512659072876, 0.4346216320991516, 0.4353344738483429, 0.4366358518600464, 0.4307841956615448, 0.42755126953125, 0.4251166880130768, 0.4269271194934845, 0.4201842248439789, 0.42486482858657837, 0.42298606038093567, 0.4271993637084961, 0.42474889755249023]
Validation Loss: [0.7393829822540283, 0.5474691987037659, 0.4981541335582733, 0.4986574947834015, 0.5014165043830872, 0.5044768452644348, 0.5311475992202759, 0.5151375532150269, 0.49958500266075134, 0.48429495096206665, 0.47917723655700684, 0.513197124004364, 0.524291455745697, 0.5212737321853638, 0.4875028729438782, 0.4949667155742645, 0.5298414826393127, 0.47393256425857544, 0.5109865069389343, 0.5280413031578064, 0.4722643792629242, 0.5123177766799927, 0.5304215550422668, 0.5007478594779968, 0.5113636255264282, 0.5059975385665894, 0.522819459438324, 0.525114893913269, 0.5129052996635437, 0.5469895601272583, 0.5102545619010925, 0.5223307013511658, 0.5375223159790039, 0.550743818283081, 0.5530975461006165, 0.5494250059127808, 0.5386762022972107, 0.5411421060562134, 0.5464722514152527, 0.5541819930076599, 0.6154634356498718]
Best_train_loss0.4201842248439789, best_val_loss0.4722643792629242

Configuration: start_neuron=32, kernel_size=9, strides_size=4, max_pool_size=5, dropout=0.5, padding=same, batch_size=64, huber_delta=0.75
Training Loss: [4.4670233726501465, 0.799676775932312, 0.6501275897026062, 0.5951572060585022, 0.569557785987854, 0.5432955026626587, 0.5313835144042969, 0.5284339785575867, 0.5140880942344666, 0.5103966593742371, 0.5127000212669373, 0.5080187916755676, 0.5067684650421143, 0.5008662343025208, 0.49522021412849426, 0.49276915192604065, 0.4966495931148529, 0.4831625819206238, 0.48148155212402344, 0.47970476746559143, 0.47634828090667725, 0.47669243812561035, 0.4771358072757721, 0.47334203124046326, 0.47412118315696716, 0.4698101580142975, 0.468565434217453]
Validation Loss: [0.7377458810806274, 0.50872403383255, 0.5220047235488892, 0.4919184446334839, 0.506733238697052, 0.486976683139801, 0.48572278022766113, 0.49931609630584717, 0.524336040019989, 0.5301013588905334, 0.5108229517936707, 0.4963662624359131, 0.5605530738830566, 0.5254777073860168, 0.5658185482025146, 0.539185643196106, 0.5135270357131958, 0.5579184293746948, 0.5324136018753052, 0.5224941968917847, 0.5488134026527405, 0.5337327718734741, 0.5968087315559387, 0.541861355304718, 0.5329710841178894, 0.5358548760414124, 0.5557307004928589]
Best_train_loss0.468565434217453, best_val_loss0.48572278022766113

Configuration: start_neuron=32, kernel_size=11, strides_size=1, max_pool_size=5, dropout=0.3, padding=same, batch_size=64, huber_delta=0.75
Training Loss: [6.083641052246094, 1.40044105052948, 0.8444425463676453, 0.6612502336502075, 0.5851609110832214, 0.543780505657196, 0.5278711915016174, 0.5037758946418762, 0.4982287585735321, 0.49658671021461487, 0.4806474447250366, 0.48602887988090515, 0.4698839783668518, 0.4788670241832733, 0.47852763533592224, 0.47256776690483093, 0.465191125869751, 0.4658885896205902, 0.45616692304611206, 0.4521363377571106, 0.46051332354545593, 0.44545748829841614, 0.444607138633728, 0.43526768684387207, 0.4320742189884186, 0.4325164556503296, 0.4223099946975708, 0.4152145981788635, 0.41152122616767883, 0.4127391278743744, 0.4007900357246399, 0.40270140767097473, 0.39331111311912537, 0.39529433846473694, 0.393307089805603, 0.38704562187194824, 0.3812337815761566, 0.38187098503112793, 0.38884806632995605, 0.379229336977005]
Validation Loss: [1.9463975429534912, 1.0188360214233398, 0.7109062671661377, 0.5928773283958435, 0.5333976149559021, 0.5154245495796204, 0.5245043039321899, 0.5219544768333435, 0.5108228921890259, 0.4861051142215729, 0.5849120020866394, 0.5094164609909058, 0.48789647221565247, 0.5087908506393433, 0.4920685291290283, 0.5620301365852356, 0.5499271750450134, 0.5202445387840271, 0.4932689368724823, 0.4787459671497345, 0.5030375123023987, 0.504612386226654, 0.5568307042121887, 0.571099579334259, 0.5097028017044067, 0.5352666974067688, 0.5521924495697021, 0.5807987451553345, 0.553815484046936, 0.5748357772827148, 0.5660223960876465, 0.595564067363739, 0.6290555000305176, 0.585612416267395, 0.623786211013794, 0.5868831872940063, 0.598663866519928, 0.6300036907196045, 0.6223055720329285, 0.6494697332382202]
Best_train_loss0.379229336977005, best_val_loss0.4787459671497345

Configuration: start_neuron=32, kernel_size=11, strides_size=1, max_pool_size=5, dropout=0.5, padding=same, batch_size=64, huber_delta=0.75
Training Loss: [7.118724346160889, 1.9797078371047974, 1.1081316471099854, 0.8237831592559814, 0.6814466714859009, 0.6271394491195679, 0.5866371989250183, 0.5642092227935791, 0.5421462059020996, 0.5261719822883606, 0.525897204875946, 0.5188873410224915, 0.5201985836029053, 0.5048684477806091, 0.5006736516952515, 0.49850526452064514, 0.49247244000434875, 0.4965158700942993, 0.48865461349487305, 0.483803927898407, 0.48355939984321594, 0.4849695861339569, 0.483663946390152, 0.47318753600120544, 0.47603633999824524, 0.4737057387828827, 0.4801190197467804, 0.47266438603401184, 0.4707655608654022, 0.4668644964694977, 0.48650461435317993, 0.45384132862091064, 0.45586350560188293, 0.4526476263999939, 0.4582288861274719, 0.45223551988601685, 0.45068010687828064, 0.4463798403739929, 0.44030389189720154, 0.44082018733024597, 0.44030657410621643, 0.435334712266922, 0.4309546947479248, 0.4263889789581299, 0.4265094995498657, 0.42841973900794983, 0.4240618348121643, 0.4213564097881317, 0.4245052933692932, 0.42071592807769775, 0.4187140464782715, 0.4201820194721222]
Validation Loss: [2.718477964401245, 1.2193541526794434, 0.8083611726760864, 0.7346607446670532, 0.5775227546691895, 0.575127899646759, 0.5229673385620117, 0.5027507543563843, 0.5238698720932007, 0.5548520684242249, 0.500156044960022, 0.4801817238330841, 0.5128265023231506, 0.5176401138305664, 0.47595861554145813, 0.517546534538269, 0.504909336566925, 0.488994300365448, 0.48877662420272827, 0.47217679023742676, 0.45859459042549133, 0.49705472588539124, 0.48712313175201416, 0.4902147352695465, 0.49612364172935486, 0.46392378211021423, 0.47645512223243713, 0.46639734506607056, 0.4820702075958252, 0.4872518479824066, 0.48671236634254456, 0.4520370662212372, 0.45977523922920227, 0.4733702540397644, 0.478140652179718, 0.4714963138103485, 0.48088717460632324, 0.4880253076553345, 0.4950574040412903, 0.5413804054260254, 0.523462176322937, 0.5332293510437012, 0.5201108455657959, 0.5501792430877686, 0.5381898283958435, 0.5326160192489624, 0.5340878367424011, 0.5432246327400208, 0.5667881965637207, 0.5552394986152649, 0.5685802698135376, 0.5593300461769104]
Best_train_loss0.4187140464782715, best_val_loss0.4520370662212372

Configuration: start_neuron=32, kernel_size=11, strides_size=2, max_pool_size=5, dropout=0.3, padding=same, batch_size=64, huber_delta=0.75
Training Loss: [4.226533889770508, 0.8649151921272278, 0.6380568742752075, 0.5631334781646729, 0.5385008454322815, 0.5150943994522095, 0.5083675980567932, 0.5073601007461548, 0.4818137586116791, 0.4737333059310913, 0.47934016585350037, 0.46392762660980225, 0.4701828062534332, 0.4567265808582306, 0.4405630826950073, 0.4550696015357971, 0.4312172830104828, 0.42426392436027527, 0.4190746247768402, 0.4127136170864105, 0.4171845614910126, 0.4196575880050659, 0.40525922179222107, 0.40809571743011475, 0.40744268894195557, 0.4065197706222534]
Validation Loss: [1.0339291095733643, 0.6196233034133911, 0.5567952394485474, 0.5050146579742432, 0.5013746023178101, 0.4982701539993286, 0.535738468170166, 0.5218190550804138, 0.5331880450248718, 0.503341794013977, 0.538998544216156, 0.5040356516838074, 0.5023767352104187, 0.5527492761611938, 0.5542296171188354, 0.5311689376831055, 0.5194234251976013, 0.561328649520874, 0.541280210018158, 0.5198330879211426, 0.5020572543144226, 0.5387542247772217, 0.5368869304656982, 0.5228074193000793, 0.5124478340148926, 0.585252046585083]
Best_train_loss0.40525922179222107, best_val_loss0.4982701539993286

Configuration: start_neuron=32, kernel_size=11, strides_size=2, max_pool_size=5, dropout=0.5, padding=same, batch_size=64, huber_delta=0.75
Training Loss: [4.391491413116455, 0.9222633838653564, 0.6840893626213074, 0.6018007397651672, 0.5659021139144897, 0.5487675070762634, 0.5353875756263733, 0.5319089293479919, 0.5210321545600891, 0.5217480063438416, 0.5050548315048218, 0.5028720498085022, 0.5038945078849792, 0.494690865278244, 0.5041247010231018, 0.5020391941070557, 0.4843267798423767, 0.4853498041629791, 0.4879184663295746, 0.4836727976799011, 0.4816954433917999, 0.482777863740921, 0.47883832454681396, 0.48119068145751953, 0.4830995202064514, 0.4784467816352844, 0.4768267869949341, 0.48354217410087585, 0.46991679072380066, 0.4596349596977234, 0.46422839164733887, 0.4642501771450043, 0.46504220366477966, 0.45231950283050537, 0.453834593296051, 0.4465150535106659, 0.4478721618652344, 0.4478093385696411]
Validation Loss: [0.9600603580474854, 0.6205874085426331, 0.5290496945381165, 0.5075967311859131, 0.520501434803009, 0.5025590658187866, 0.5018107891082764, 0.49278995394706726, 0.5015893578529358, 0.4871184825897217, 0.4984728991985321, 0.5247581601142883, 0.5105063319206238, 0.4896819591522217, 0.6030040383338928, 0.4943777918815613, 0.5010010600090027, 0.466390997171402, 0.4831206798553467, 0.4871046841144562, 0.4947447180747986, 0.4849682152271271, 0.4946680963039398, 0.48398104310035706, 0.5004578232765198, 0.5084580779075623, 0.4925467371940613, 0.523190975189209, 0.4897266924381256, 0.5014504194259644, 0.48836565017700195, 0.5040963888168335, 0.5050522685050964, 0.4854714274406433, 0.5438443422317505, 0.5591121912002563, 0.6108938455581665, 0.6121917366981506]
Best_train_loss0.4465150535106659, best_val_loss0.466390997171402

Configuration: start_neuron=32, kernel_size=11, strides_size=3, max_pool_size=5, dropout=0.3, padding=same, batch_size=64, huber_delta=0.75
Training Loss: [3.9747977256774902, 0.6947184801101685, 0.5860413908958435, 0.5463423132896423, 0.5250691771507263, 0.5165824294090271, 0.5024210214614868, 0.49913400411605835, 0.48990917205810547, 0.4784831702709198, 0.4744335114955902, 0.4734349846839905, 0.4694381356239319, 0.4691959619522095, 0.46957287192344666, 0.4649862051010132, 0.46173614263534546, 0.4668499827384949, 0.46711182594299316, 0.4544529914855957, 0.4537701904773712, 0.46413958072662354, 0.44732925295829773, 0.44971853494644165, 0.44350555539131165, 0.43425387144088745, 0.433948814868927, 0.43060368299484253, 0.4320335388183594, 0.4269725978374481, 0.43196964263916016, 0.42472654581069946]
Validation Loss: [0.7032768726348877, 0.5146854519844055, 0.5560036897659302, 0.5191333889961243, 0.4867803752422333, 0.4842071235179901, 0.4923078417778015, 0.4780345857143402, 0.4929676353931427, 0.4833455979824066, 0.48669058084487915, 0.4711124300956726, 0.4771026074886322, 0.48459571599960327, 0.4802400469779968, 0.47648537158966064, 0.5035058856010437, 0.520361065864563, 0.4783670902252197, 0.511104166507721, 0.49583131074905396, 0.4760250151157379, 0.4734637439250946, 0.5011324286460876, 0.4934190809726715, 0.5416767597198486, 0.5257158875465393, 0.5308668613433838, 0.5270943641662598, 0.5124033689498901, 0.5202469825744629, 0.5737890005111694]
Best_train_loss0.42472654581069946, best_val_loss0.4711124300956726

Configuration: start_neuron=32, kernel_size=11, strides_size=3, max_pool_size=5, dropout=0.5, padding=same, batch_size=64, huber_delta=0.75
Training Loss: [4.087027072906494, 0.7874274849891663, 0.6512910723686218, 0.5948114395141602, 0.5685902237892151, 0.5510602593421936, 0.5295612215995789, 0.5316620469093323, 0.522528886795044, 0.5151638388633728, 0.5136005282402039, 0.5018970370292664, 0.502596914768219, 0.5037481784820557, 0.5034080743789673, 0.4944954514503479, 0.4933069348335266, 0.4911160469055176, 0.49466371536254883, 0.48803475499153137, 0.4891953766345978, 0.4896618723869324, 0.477207213640213, 0.48155054450035095, 0.47527235746383667, 0.4801095426082611, 0.4779672920703888, 0.4732605814933777, 0.47852668166160583, 0.4725619852542877, 0.46254071593284607, 0.46424955129623413, 0.4594685435295105, 0.46831727027893066, 0.4568744897842407, 0.4629098176956177, 0.4561310112476349, 0.45964315533638, 0.46042001247406006, 0.46261972188949585, 0.4577811062335968, 0.4635116755962372, 0.4586532711982727, 0.4584915339946747, 0.45644858479499817, 0.4557899534702301, 0.45779144763946533, 0.4557044804096222, 0.45557790994644165, 0.444027841091156, 0.44504475593566895, 0.44875267148017883, 0.43959763646125793, 0.44356513023376465, 0.44438794255256653, 0.43731948733329773, 0.43940606713294983, 0.43751049041748047, 0.4379235804080963]
Validation Loss: [0.7109828591346741, 0.5352768898010254, 0.5191720724105835, 0.5048086047172546, 0.5188803672790527, 0.47902384400367737, 0.48130369186401367, 0.4922153949737549, 0.497129887342453, 0.5208106637001038, 0.47405609488487244, 0.49422571063041687, 0.4822538495063782, 0.48868757486343384, 0.4802766740322113, 0.49921515583992004, 0.5043452382087708, 0.4923968017101288, 0.4702373445034027, 0.4958202540874481, 0.5067005157470703, 0.5075939893722534, 0.5112807154655457, 0.4901902675628662, 0.4843525290489197, 0.4924122095108032, 0.5183330774307251, 0.5695109963417053, 0.5210006237030029, 0.5134680867195129, 0.5194474458694458, 0.49931570887565613, 0.5397589206695557, 0.527056872844696, 0.5012346506118774, 0.5243006944656372, 0.5225725769996643, 0.485294371843338, 0.466800332069397, 0.5142782330513, 0.5311498045921326, 0.4908265769481659, 0.5064358115196228, 0.5277302265167236, 0.5336333513259888, 0.5211184024810791, 0.5146961808204651, 0.5599157810211182, 0.5421328544616699, 0.5402248501777649, 0.5436521172523499, 0.5422700047492981, 0.5811823606491089, 0.5967052578926086, 0.5859833359718323, 0.6332577466964722, 0.5913373231887817, 0.6346766352653503, 0.6474672555923462]
Best_train_loss0.43731948733329773, best_val_loss0.466800332069397

Configuration: start_neuron=32, kernel_size=11, strides_size=4, max_pool_size=5, dropout=0.3, padding=same, batch_size=64, huber_delta=0.75
Training Loss: [4.087380886077881, 0.6815456748008728, 0.5850269794464111, 0.5594227313995361, 0.5316070914268494, 0.5165058970451355, 0.5059652924537659, 0.49665093421936035, 0.4898799657821655, 0.4811365306377411, 0.47872084379196167, 0.4755024015903473, 0.46228915452957153, 0.47116076946258545, 0.465867280960083, 0.44462332129478455, 0.4430963099002838, 0.445038765668869, 0.44398626685142517, 0.44445332884788513, 0.4399435520172119, 0.4364511966705322, 0.4349418580532074, 0.4296826124191284, 0.43353840708732605]
Validation Loss: [0.6439567804336548, 0.5435734391212463, 0.514377236366272, 0.5102174282073975, 0.47711220383644104, 0.4930236041545868, 0.4925622344017029, 0.49310389161109924, 0.506847620010376, 0.5106963515281677, 0.5291869044303894, 0.5199906229972839, 0.5316606163978577, 0.5461212396621704, 0.5781227350234985, 0.5922111868858337, 0.5948662161827087, 0.6137593984603882, 0.5710350871086121, 0.5811693072319031, 0.5936785340309143, 0.5719026923179626, 0.5848570466041565, 0.567870020866394, 0.5796733498573303]
Best_train_loss0.4296826124191284, best_val_loss0.47711220383644104

Configuration: start_neuron=32, kernel_size=11, strides_size=4, max_pool_size=5, dropout=0.5, padding=same, batch_size=64, huber_delta=0.75
Training Loss: [4.240201950073242, 0.7656304240226746, 0.6358671188354492, 0.5950503349304199, 0.5644391179084778, 0.5500828623771667, 0.530210018157959, 0.5290529727935791, 0.5114062428474426, 0.5132414102554321, 0.5045481324195862, 0.5043765306472778, 0.49910449981689453, 0.5007093548774719, 0.4852164387702942, 0.48549726605415344, 0.4755142033100128, 0.4836145341396332, 0.4782213568687439, 0.477491557598114, 0.47807231545448303, 0.479118287563324, 0.4835425615310669, 0.4720104932785034]
Validation Loss: [0.6416947841644287, 0.49697184562683105, 0.48115822672843933, 0.47403523325920105, 0.49702295660972595, 0.48889660835266113, 0.5609567165374756, 0.502385139465332, 0.5147997140884399, 0.5370597243309021, 0.5484294295310974, 0.525850236415863, 0.5494336485862732, 0.5252296924591064, 0.5509650111198425, 0.5483483076095581, 0.5538561344146729, 0.5650481581687927, 0.5616124868392944, 0.5424311757087708, 0.5593764185905457, 0.51838618516922, 0.5604897141456604, 0.5619467496871948]
Best_train_loss0.4720104932785034, best_val_loss0.47403523325920105

Configuration: start_neuron=32, kernel_size=13, strides_size=1, max_pool_size=5, dropout=0.3, padding=same, batch_size=64, huber_delta=0.75
Training Loss: [5.920278549194336, 1.5908195972442627, 0.9795866012573242, 0.7612552046775818, 0.646355926990509, 0.5925748348236084, 0.5460233092308044, 0.5230869054794312, 0.5074982643127441, 0.49621230363845825, 0.4957698881626129, 11.076200485229492, 26.922189712524414, 6.702981948852539, 5.043407917022705, 4.082400798797607, 3.4413766860961914, 2.9900264739990234, 2.6543471813201904, 2.3861725330352783, 2.168001174926758, 2.1240198612213135, 2.056049108505249, 1.9307796955108643, 1.8319724798202515, 1.751937747001648, 1.6828868389129639, 1.6197285652160645, 1.5551273822784424, 1.4975028038024902, 1.4393761157989502]
Validation Loss: [2.267666816711426, 1.112830638885498, 0.9337522983551025, 0.6739612817764282, 0.6350091695785522, 0.5723779201507568, 0.5309667587280273, 0.5258062481880188, 0.51863694190979, 0.5941745638847351, 0.49148571491241455, 19.546072006225586, 7.638669013977051, 5.504598617553711, 4.347382068634033, 3.6187639236450195, 3.103226661682129, 2.7342259883880615, 2.439817428588867, 2.221896171569824, 2.029538154602051, 1.9667168855667114, 1.8828357458114624, 1.790518879890442, 1.7225940227508545, 1.7160272598266602, 1.6231399774551392, 1.551636815071106, 1.5258240699768066, 1.4496177434921265, 1.3830652236938477]
Best_train_loss0.4957698881626129, best_val_loss0.49148571491241455

Configuration: start_neuron=32, kernel_size=13, strides_size=1, max_pool_size=5, dropout=0.5, padding=same, batch_size=64, huber_delta=0.75
Training Loss: [7.215750217437744, 1.8658949136734009, 1.052777886390686, 0.7881913781166077, 0.6791917681694031, 0.6169646382331848, 0.5766242742538452, 0.5622204542160034, 0.5472995042800903, 0.5475332736968994, 0.525981605052948, 0.5201119184494019, 0.5143623352050781, 0.5122838020324707, 0.5108413696289062, 0.4994571805000305, 0.4938885271549225, 0.48820760846138, 0.49442461133003235, 0.4843112826347351, 0.48342180252075195, 0.4868772625923157, 0.47500357031822205, 0.4810540974140167, 0.4662797749042511, 0.47629696130752563, 0.4460109770298004, 0.4543975591659546, 0.4417092800140381, 0.4350726306438446, 0.43563321232795715, 0.438874214887619, 0.429422527551651, 0.4236062467098236, 0.41996410489082336, 0.423822820186615]
Validation Loss: [2.64054012298584, 1.1593512296676636, 0.8431839942932129, 0.6718343496322632, 0.6174284815788269, 0.5409485697746277, 0.5323293805122375, 0.5064525604248047, 0.5351831316947937, 0.5080459117889404, 0.501569390296936, 0.5410174131393433, 0.49516695737838745, 0.4982914328575134, 0.4990628957748413, 0.48223236203193665, 0.4973207116127014, 0.510198712348938, 0.49853193759918213, 0.49652397632598877, 0.48691046237945557, 0.48242151737213135, 0.5356885194778442, 0.597227156162262, 0.609925389289856, 0.5580757260322571, 0.6449386477470398, 0.6780209541320801, 0.6155743598937988, 0.5511674284934998, 0.6506270170211792, 0.6124385595321655, 0.6225297451019287, 0.6424761414527893, 0.6776748299598694, 0.5579285621643066]
Best_train_loss0.41996410489082336, best_val_loss0.48223236203193665

Configuration: start_neuron=32, kernel_size=13, strides_size=2, max_pool_size=5, dropout=0.3, padding=same, batch_size=64, huber_delta=0.75
Training Loss: [3.8764712810516357, 0.7477721571922302, 0.5913808941841125, 0.547961950302124, 0.5262708067893982, 0.5094086527824402, 0.49971237778663635, 0.4910111725330353, 0.4838169515132904, 0.46736225485801697, 0.4704788029193878, 0.46121084690093994, 0.44597166776657104, 0.4402509927749634, 0.4518090486526489, 0.4376142919063568, 0.44423332810401917, 0.42794376611709595, 0.42356008291244507, 0.4134170711040497, 0.4015617370605469, 0.4234602749347687, 0.4050981104373932, 0.4103417992591858, 0.40729284286499023, 0.4027956426143646, 0.40648409724235535]
Validation Loss: [0.7820183038711548, 0.5944163203239441, 0.5480009317398071, 0.5153681635856628, 0.5855503082275391, 0.520892322063446, 0.5028930306434631, 0.6037455797195435, 0.5193735361099243, 0.5792778730392456, 0.5383488535881042, 0.5779880285263062, 0.5256063938140869, 0.5130038261413574, 0.5095306038856506, 0.5114907026290894, 0.532291054725647, 0.5916060209274292, 0.5187859535217285, 0.508744478225708, 0.6042359471321106, 0.5566034317016602, 0.5486834049224854, 0.5230661630630493, 0.515225350856781, 0.5031930208206177, 0.5530356764793396]
Best_train_loss0.4015617370605469, best_val_loss0.5028930306434631

Configuration: start_neuron=32, kernel_size=13, strides_size=2, max_pool_size=5, dropout=0.5, padding=same, batch_size=64, huber_delta=0.75
Training Loss: [4.218267917633057, 0.9363816976547241, 0.6838897466659546, 0.5902028679847717, 0.5806668400764465, 0.5527530908584595, 0.5317394733428955, 0.5262885689735413, 0.5205444693565369, 0.5074294805526733, 0.5057032108306885, 0.4979986548423767, 0.48791825771331787, 0.49017810821533203, 0.48848024010658264, 0.48104336857795715, 0.47022512555122375, 0.49134495854377747, 0.47875702381134033, 0.4756506681442261, 0.46081727743148804, 0.45862627029418945, 0.4511888325214386, 0.4477677047252655, 0.45110052824020386, 0.4517444372177124, 0.4426388144493103, 0.44777148962020874, 0.4504731595516205, 0.45670217275619507, 0.43931207060813904]
Validation Loss: [0.9632388949394226, 0.6831852793693542, 0.5283493995666504, 0.5042191743850708, 0.5015767216682434, 0.5132684111595154, 0.5182592868804932, 0.5134345889091492, 0.49180442094802856, 0.5191084742546082, 0.48458999395370483, 0.48846861720085144, 0.509181559085846, 0.5442739129066467, 0.5657114386558533, 0.5548925995826721, 0.5770482420921326, 0.5334051251411438, 0.4924164116382599, 0.5086790919303894, 0.5453844666481018, 0.5432949662208557, 0.5268315672874451, 0.5131160020828247, 0.5283741354942322, 0.5113927721977234, 0.501044750213623, 0.5267367959022522, 0.6027205586433411, 0.5466665625572205, 0.5261471271514893]
Best_train_loss0.43931207060813904, best_val_loss0.48458999395370483

Configuration: start_neuron=32, kernel_size=13, strides_size=3, max_pool_size=5, dropout=0.3, padding=same, batch_size=64, huber_delta=0.75
Training Loss: [3.7092981338500977, 0.6646438837051392, 0.5772607922554016, 0.5469298958778381, 0.5264559388160706, 0.5218703150749207, 0.5082075595855713, 0.49174538254737854, 0.4967101216316223, 0.4947505593299866, 0.48855236172676086, 0.48707082867622375, 0.4700491428375244, 0.48091360926628113, 0.47167304158210754, 0.46489417552948, 0.4599858224391937, 0.45994845032691956, 0.4695671796798706, 0.467081755399704, 0.4526677429676056, 0.45256197452545166, 0.46427661180496216, 0.44235244393348694, 0.4319581687450409, 0.4341464340686798, 0.41738125681877136, 0.4209817945957184, 0.41362109780311584, 0.40765950083732605, 0.41067051887512207, 0.4075295925140381, 0.40353620052337646, 0.41209176182746887]
Validation Loss: [0.6202133297920227, 0.5167702436447144, 0.5113582015037537, 0.5176505446434021, 0.5008144378662109, 0.5390405654907227, 0.5148005485534668, 0.5080673098564148, 0.5153177380561829, 0.5036118626594543, 0.5371856093406677, 0.5220195651054382, 0.4893803000450134, 0.4644664525985718, 0.4777766764163971, 0.49517127871513367, 0.4805317521095276, 0.5219370126724243, 0.4981178045272827, 0.4937911927700043, 0.5053830146789551, 0.5314474701881409, 0.5128351449966431, 0.5643043518066406, 0.6194571256637573, 0.5224063992500305, 0.5859739780426025, 0.5886176228523254, 0.5118001103401184, 0.5562061667442322, 0.5516635775566101, 0.5641577839851379, 0.5445041656494141, 0.4969698488712311]
Best_train_loss0.40353620052337646, best_val_loss0.4644664525985718

Configuration: start_neuron=32, kernel_size=13, strides_size=3, max_pool_size=5, dropout=0.5, padding=same, batch_size=64, huber_delta=0.75
Training Loss: [3.8800771236419678, 0.765570878982544, 0.631254255771637, 0.5840280652046204, 0.5572152137756348, 0.5386338233947754, 0.5238818526268005, 0.5200228095054626, 0.5113446712493896, 0.5184326171875, 0.5132499933242798, 0.5177842378616333, 0.5013989806175232, 0.49713385105133057, 0.4963826537132263, 0.49662306904792786, 0.4929659962654114, 0.49033698439598083, 0.49207013845443726, 0.4877154529094696, 0.48981523513793945, 0.49690359830856323, 0.4872974455356598, 0.48764941096305847, 0.4776679575443268, 0.48469215631484985, 0.48117512464523315, 0.47579169273376465, 0.4804311692714691, 0.47391340136528015, 0.46260330080986023, 0.462909072637558, 0.4616570770740509, 0.4597519338130951, 0.4601929187774658, 0.4531261622905731, 0.45448413491249084, 0.4416027367115021, 0.45105892419815063]
Validation Loss: [0.6694241762161255, 0.5516093969345093, 0.4881729483604431, 0.5050809979438782, 0.5000755786895752, 0.4716487526893616, 0.49434855580329895, 0.4725111424922943, 0.5081884264945984, 0.4821555018424988, 0.49227771162986755, 0.5168972611427307, 0.4675453007221222, 0.4931815266609192, 0.467729389667511, 0.48221880197525024, 0.4797641634941101, 0.5156210064888, 0.46251341700553894, 0.46328628063201904, 0.49553796648979187, 0.4834049940109253, 0.5256641507148743, 0.5174814462661743, 0.5022344589233398, 0.49558255076408386, 0.5307930707931519, 0.5813482403755188, 0.48028886318206787, 0.5222300887107849, 0.5288301706314087, 0.543021559715271, 0.537916898727417, 0.5050467848777771, 0.5264217853546143, 0.5077036023139954, 0.5317935943603516, 0.5885035991668701, 0.5592418909072876]
Best_train_loss0.4416027367115021, best_val_loss0.46251341700553894

Configuration: start_neuron=32, kernel_size=13, strides_size=4, max_pool_size=5, dropout=0.3, padding=same, batch_size=64, huber_delta=0.75
Training Loss: [3.8663136959075928, 0.6648917198181152, 0.5699651837348938, 0.5433036088943481, 0.5293062329292297, 0.5168589949607849, 0.5007168650627136, 0.48879921436309814, 0.4917583465576172, 0.47659832239151, 0.47551229596138, 0.471626877784729, 0.4822632968425751, 0.4709237217903137, 0.47311538457870483, 0.4642854332923889, 0.4563641846179962, 0.45712539553642273, 0.448353111743927, 0.44186335802078247, 0.43725860118865967, 0.43835246562957764, 0.43326690793037415, 0.4284660220146179, 0.4340258240699768, 0.429616242647171, 0.42677873373031616, 0.42292550206184387]
Validation Loss: [0.6179556846618652, 0.505662739276886, 0.4903421401977539, 0.4950585663318634, 0.4804546535015106, 0.5416837930679321, 0.4749084413051605, 0.46784237027168274, 0.4757431149482727, 0.4866372346878052, 0.5066671967506409, 0.5009783506393433, 0.48972541093826294, 0.5439435243606567, 0.49731358885765076, 0.5318361520767212, 0.5063865780830383, 0.5087010860443115, 0.5464297533035278, 0.5487785339355469, 0.534625232219696, 0.5549529194831848, 0.5554080605506897, 0.5843557715415955, 0.5244349837303162, 0.5898741483688354, 0.5728825926780701, 0.5815368890762329]
Best_train_loss0.42292550206184387, best_val_loss0.46784237027168274

Configuration: start_neuron=32, kernel_size=13, strides_size=4, max_pool_size=5, dropout=0.5, padding=same, batch_size=64, huber_delta=0.75
Training Loss: [3.956990957260132, 0.7486496567726135, 0.6224156618118286, 0.5817235708236694, 0.557953417301178, 0.5430882573127747, 0.5357617139816284, 0.5198767185211182, 0.518634021282196, 0.5109002590179443, 0.5149863362312317, 0.5156927108764648, 0.49662765860557556, 0.5022820830345154, 0.5006251335144043, 0.49798041582107544, 0.49459806084632874, 0.492090106010437, 0.4919924736022949, 0.4877636134624481, 0.48724961280822754, 0.4823843240737915, 0.48540768027305603]
Validation Loss: [0.624305009841919, 0.5214061141014099, 0.46615052223205566, 0.4709359407424927, 0.4710715115070343, 0.4767071008682251, 0.5376628637313843, 0.49537360668182373, 0.4919482171535492, 0.49612587690353394, 0.4783618450164795, 0.4731253385543823, 0.4717750549316406, 0.4839319884777069, 0.4971431791782379, 0.49292346835136414, 0.4847508370876312, 0.48801153898239136, 0.4916842579841614, 0.4982953369617462, 0.4984418749809265, 0.511826753616333, 0.5222341418266296]
Best_train_loss0.4823843240737915, best_val_loss0.46615052223205566

